0.00000000e+00 0.00000000e+00
1.00100100e-04 7.00000000e+17
2.00200200e-04 7.00000000e+17
3.00300300e-04 7.00000000e+17
4.00400400e-04 7.00000000e+17
5.00500501e-04 7.00000000e+17
6.00600601e-04 7.00000000e+17
7.00700701e-04 7.00000000e+17
8.00800801e-04 7.00000000e+17
9.00900901e-04 7.00000000e+17
1.00100100e-03 7.00000000e+17
1.10110110e-03 7.00000000e+17
1.20120120e-03 7.00000000e+17
1.30130130e-03 7.00000000e+17
1.40140140e-03 7.00000000e+17
1.50150150e-03 7.00000000e+17
1.60160160e-03 7.00000000e+17
1.70170170e-03 7.00000000e+17
1.80180180e-03 7.00000000e+17
1.90190190e-03 7.00000000e+17
2.00200200e-03 7.00000000e+17
2.10210210e-03 7.00000000e+17
2.20220220e-03 7.00000000e+17
2.30230230e-03 7.00000000e+17
2.40240240e-03 7.00000000e+17
2.50250250e-03 7.00000000e+17
2.60260260e-03 7.00000000e+17
2.70270270e-03 7.00000000e+17
2.80280280e-03 7.00000000e+17
2.90290290e-03 7.00000000e+17
3.00300300e-03 7.00000000e+17
3.10310310e-03 7.00000000e+17
3.20320320e-03 7.00000000e+17
3.30330330e-03 7.00000000e+17
3.40340340e-03 7.00000000e+17
3.50350350e-03 7.00000000e+17
3.60360360e-03 7.00000000e+17
3.70370370e-03 7.00000000e+17
3.80380380e-03 7.00000000e+17
3.90390390e-03 7.00000000e+17
4.00400400e-03 7.00000000e+17
4.10410410e-03 7.00000000e+17
4.20420420e-03 7.00000000e+17
4.30430430e-03 7.00000000e+17
4.40440440e-03 7.00000000e+17
4.50450450e-03 7.00000000e+17
4.60460460e-03 7.00000000e+17
4.70470470e-03 7.00000000e+17
4.80480480e-03 7.00000000e+17
4.90490490e-03 7.00000000e+17
5.00500501e-03 7.00000000e+17
5.10510511e-03 7.00000000e+17
5.20520521e-03 7.00000000e+17
5.30530531e-03 7.00000000e+17
5.40540541e-03 7.00000000e+17
5.50550551e-03 7.00000000e+17
5.60560561e-03 7.00000000e+17
5.70570571e-03 7.00000000e+17
5.80580581e-03 7.00000000e+17
5.90590591e-03 7.00000000e+17
6.00600601e-03 7.00000000e+17
6.10610611e-03 7.00000000e+17
6.20620621e-03 7.00000000e+17
6.30630631e-03 7.00000000e+17
6.40640641e-03 7.00000000e+17
6.50650651e-03 7.00000000e+17
6.60660661e-03 7.00000000e+17
6.70670671e-03 7.00000000e+17
6.80680681e-03 7.00000000e+17
6.90690691e-03 7.00000000e+17
7.00700701e-03 7.00000000e+17
7.10710711e-03 7.00000000e+17
7.20720721e-03 7.00000000e+17
7.30730731e-03 7.00000000e+17
7.40740741e-03 7.00000000e+17
7.50750751e-03 7.00000000e+17
7.60760761e-03 7.00000000e+17
7.70770771e-03 7.00000000e+17
7.80780781e-03 7.00000000e+17
7.90790791e-03 7.00000000e+17
8.00800801e-03 7.00000000e+17
8.10810811e-03 7.00000000e+17
8.20820821e-03 7.00000000e+17
8.30830831e-03 7.00000000e+17
8.40840841e-03 7.00000000e+17
8.50850851e-03 7.00000000e+17
8.60860861e-03 7.00000000e+17
8.70870871e-03 7.00000000e+17
8.80880881e-03 7.00000000e+17
8.90890891e-03 7.00000000e+17
9.00900901e-03 7.00000000e+17
9.10910911e-03 7.00000000e+17
9.20920921e-03 7.00000000e+17
9.30930931e-03 7.00000000e+17
9.40940941e-03 7.00000000e+17
9.50950951e-03 7.00000000e+17
9.60960961e-03 7.00000000e+17
9.70970971e-03 7.00000000e+17
9.80980981e-03 7.00000000e+17
9.90990991e-03 7.00000000e+17
1.00100100e-02 7.00000000e+17
1.01101101e-02 7.00000000e+17
1.02102102e-02 7.00000000e+17
1.03103103e-02 7.00000000e+17
1.04104104e-02 7.00000000e+17
1.05105105e-02 7.00000000e+17
1.06106106e-02 7.00000000e+17
1.07107107e-02 7.00000000e+17
1.08108108e-02 7.00000000e+17
1.09109109e-02 7.00000000e+17
1.10110110e-02 7.00000000e+17
1.11111111e-02 7.00000000e+17
1.12112112e-02 7.00000000e+17
1.13113113e-02 7.00000000e+17
1.14114114e-02 7.00000000e+17
1.15115115e-02 7.00000000e+17
1.16116116e-02 7.00000000e+17
1.17117117e-02 7.00000000e+17
1.18118118e-02 7.00000000e+17
1.19119119e-02 7.00000000e+17
1.20120120e-02 7.00000000e+17
1.21121121e-02 7.00000000e+17
1.22122122e-02 7.00000000e+17
1.23123123e-02 7.00000000e+17
1.24124124e-02 7.00000000e+17
1.25125125e-02 7.00000000e+17
1.26126126e-02 7.00000000e+17
1.27127127e-02 7.00000000e+17
1.28128128e-02 7.00000000e+17
1.29129129e-02 7.00000000e+17
1.30130130e-02 7.00000000e+17
1.31131131e-02 7.00000000e+17
1.32132132e-02 7.00000000e+17
1.33133133e-02 7.00000000e+17
1.34134134e-02 7.00000000e+17
1.35135135e-02 7.00000000e+17
1.36136136e-02 7.00000000e+17
1.37137137e-02 7.00000000e+17
1.38138138e-02 7.00000000e+17
1.39139139e-02 7.00000000e+17
1.40140140e-02 7.00000000e+17
1.41141141e-02 7.00000000e+17
1.42142142e-02 7.00000000e+17
1.43143143e-02 7.00000000e+17
1.44144144e-02 7.00000000e+17
1.45145145e-02 7.00000000e+17
1.46146146e-02 7.00000000e+17
1.47147147e-02 7.00000000e+17
1.48148148e-02 7.00000000e+17
1.49149149e-02 7.00000000e+17
1.50150150e-02 7.00000000e+17
1.51151151e-02 7.00000000e+17
1.52152152e-02 7.00000000e+17
1.53153153e-02 7.00000000e+17
1.54154154e-02 7.00000000e+17
1.55155155e-02 7.00000000e+17
1.56156156e-02 7.00000000e+17
1.57157157e-02 7.00000000e+17
1.58158158e-02 7.00000000e+17
1.59159159e-02 7.00000000e+17
1.60160160e-02 7.00000000e+17
1.61161161e-02 7.00000000e+17
1.62162162e-02 7.00000000e+17
1.63163163e-02 7.00000000e+17
1.64164164e-02 7.00000000e+17
1.65165165e-02 7.00000000e+17
1.66166166e-02 7.00000000e+17
1.67167167e-02 7.00000000e+17
1.68168168e-02 7.00000000e+17
1.69169169e-02 7.00000000e+17
1.70170170e-02 7.00000000e+17
1.71171171e-02 7.00000000e+17
1.72172172e-02 7.00000000e+17
1.73173173e-02 7.00000000e+17
1.74174174e-02 7.00000000e+17
1.75175175e-02 7.00000000e+17
1.76176176e-02 7.00000000e+17
1.77177177e-02 7.00000000e+17
1.78178178e-02 7.00000000e+17
1.79179179e-02 7.00000000e+17
1.80180180e-02 7.00000000e+17
1.81181181e-02 7.00000000e+17
1.82182182e-02 7.00000000e+17
1.83183183e-02 7.00000000e+17
1.84184184e-02 7.00000000e+17
1.85185185e-02 7.00000000e+17
1.86186186e-02 7.00000000e+17
1.87187187e-02 7.00000000e+17
1.88188188e-02 7.00000000e+17
1.89189189e-02 7.00000000e+17
1.90190190e-02 7.00000000e+17
1.91191191e-02 7.00000000e+17
1.92192192e-02 7.00000000e+17
1.93193193e-02 7.00000000e+17
1.94194194e-02 7.00000000e+17
1.95195195e-02 7.00000000e+17
1.96196196e-02 7.00000000e+17
1.97197197e-02 7.00000000e+17
1.98198198e-02 7.00000000e+17
1.99199199e-02 7.00000000e+17
2.00200200e-02 7.00000000e+17
2.01201201e-02 7.00000000e+17
2.02202202e-02 7.00000000e+17
2.03203203e-02 7.00000000e+17
2.04204204e-02 7.00000000e+17
2.05205205e-02 7.00000000e+17
2.06206206e-02 7.00000000e+17
2.07207207e-02 7.00000000e+17
2.08208208e-02 7.00000000e+17
2.09209209e-02 7.00000000e+17
2.10210210e-02 7.00000000e+17
2.11211211e-02 7.00000000e+17
2.12212212e-02 7.00000000e+17
2.13213213e-02 7.00000000e+17
2.14214214e-02 7.00000000e+17
2.15215215e-02 7.00000000e+17
2.16216216e-02 7.00000000e+17
2.17217217e-02 7.00000000e+17
2.18218218e-02 7.00000000e+17
2.19219219e-02 7.00000000e+17
2.20220220e-02 7.00000000e+17
2.21221221e-02 7.00000000e+17
2.22222222e-02 7.00000000e+17
2.23223223e-02 7.00000000e+17
2.24224224e-02 7.00000000e+17
2.25225225e-02 7.00000000e+17
2.26226226e-02 7.00000000e+17
2.27227227e-02 7.00000000e+17
2.28228228e-02 7.00000000e+17
2.29229229e-02 7.00000000e+17
2.30230230e-02 7.00000000e+17
2.31231231e-02 7.00000000e+17
2.32232232e-02 7.00000000e+17
2.33233233e-02 7.00000000e+17
2.34234234e-02 7.00000000e+17
2.35235235e-02 7.00000000e+17
2.36236236e-02 7.00000000e+17
2.37237237e-02 7.00000000e+17
2.38238238e-02 7.00000000e+17
2.39239239e-02 7.00000000e+17
2.40240240e-02 7.00000000e+17
2.41241241e-02 7.00000000e+17
2.42242242e-02 7.00000000e+17
2.43243243e-02 7.00000000e+17
2.44244244e-02 7.00000000e+17
2.45245245e-02 7.00000000e+17
2.46246246e-02 7.00000000e+17
2.47247247e-02 7.00000000e+17
2.48248248e-02 7.00000000e+17
2.49249249e-02 7.00000000e+17
2.50250250e-02 7.00000000e+17
2.51251251e-02 7.00000000e+17
2.52252252e-02 7.00000000e+17
2.53253253e-02 7.00000000e+17
2.54254254e-02 7.00000000e+17
2.55255255e-02 7.00000000e+17
2.56256256e-02 7.00000000e+17
2.57257257e-02 7.00000000e+17
2.58258258e-02 7.00000000e+17
2.59259259e-02 7.00000000e+17
2.60260260e-02 7.00000000e+17
2.61261261e-02 7.00000000e+17
2.62262262e-02 7.00000000e+17
2.63263263e-02 7.00000000e+17
2.64264264e-02 7.00000000e+17
2.65265265e-02 7.00000000e+17
2.66266266e-02 7.00000000e+17
2.67267267e-02 7.00000000e+17
2.68268268e-02 7.00000000e+17
2.69269269e-02 7.00000000e+17
2.70270270e-02 7.00000000e+17
2.71271271e-02 7.00000000e+17
2.72272272e-02 7.00000000e+17
2.73273273e-02 7.00000000e+17
2.74274274e-02 7.00000000e+17
2.75275275e-02 7.00000000e+17
2.76276276e-02 7.00000000e+17
2.77277277e-02 7.00000000e+17
2.78278278e-02 7.00000000e+17
2.79279279e-02 7.00000000e+17
2.80280280e-02 7.00000000e+17
2.81281281e-02 7.00000000e+17
2.82282282e-02 7.00000000e+17
2.83283283e-02 7.00000000e+17
2.84284284e-02 7.00000000e+17
2.85285285e-02 7.00000000e+17
2.86286286e-02 7.00000000e+17
2.87287287e-02 7.00000000e+17
2.88288288e-02 7.00000000e+17
2.89289289e-02 7.00000000e+17
2.90290290e-02 7.00000000e+17
2.91291291e-02 7.00000000e+17
2.92292292e-02 7.00000000e+17
2.93293293e-02 7.00000000e+17
2.94294294e-02 7.00000000e+17
2.95295295e-02 7.00000000e+17
2.96296296e-02 7.00000000e+17
2.97297297e-02 7.00000000e+17
2.98298298e-02 7.00000000e+17
2.99299299e-02 7.00000000e+17
3.00300300e-02 7.00000000e+17
3.01301301e-02 7.00000000e+17
3.02302302e-02 7.00000000e+17
3.03303303e-02 7.00000000e+17
3.04304304e-02 7.00000000e+17
3.05305305e-02 7.00000000e+17
3.06306306e-02 7.00000000e+17
3.07307307e-02 7.00000000e+17
3.08308308e-02 7.00000000e+17
3.09309309e-02 7.00000000e+17
3.10310310e-02 7.00000000e+17
3.11311311e-02 7.00000000e+17
3.12312312e-02 7.00000000e+17
3.13313313e-02 7.00000000e+17
3.14314314e-02 7.00000000e+17
3.15315315e-02 7.00000000e+17
3.16316316e-02 7.00000000e+17
3.17317317e-02 7.00000000e+17
3.18318318e-02 7.00000000e+17
3.19319319e-02 7.00000000e+17
3.20320320e-02 7.00000000e+17
3.21321321e-02 7.00000000e+17
3.22322322e-02 7.00000000e+17
3.23323323e-02 7.00000000e+17
3.24324324e-02 7.00000000e+17
3.25325325e-02 7.00000000e+17
3.26326326e-02 7.00000000e+17
3.27327327e-02 7.00000000e+17
3.28328328e-02 7.00000000e+17
3.29329329e-02 7.00000000e+17
3.30330330e-02 7.00000000e+17
3.31331331e-02 7.00000000e+17
3.32332332e-02 7.00000000e+17
3.33333333e-02 7.00000000e+17
3.34334334e-02 7.00000000e+17
3.35335335e-02 7.00000000e+17
3.36336336e-02 7.00000000e+17
3.37337337e-02 7.00000000e+17
3.38338338e-02 7.00000000e+17
3.39339339e-02 7.00000000e+17
3.40340340e-02 7.00000000e+17
3.41341341e-02 7.00000000e+17
3.42342342e-02 7.00000000e+17
3.43343343e-02 7.00000000e+17
3.44344344e-02 7.00000000e+17
3.45345345e-02 7.00000000e+17
3.46346346e-02 7.00000000e+17
3.47347347e-02 7.00000000e+17
3.48348348e-02 7.00000000e+17
3.49349349e-02 7.00000000e+17
3.50350350e-02 7.00000000e+17
3.51351351e-02 7.00000000e+17
3.52352352e-02 7.00000000e+17
3.53353353e-02 7.00000000e+17
3.54354354e-02 7.00000000e+17
3.55355355e-02 7.00000000e+17
3.56356356e-02 7.00000000e+17
3.57357357e-02 7.00000000e+17
3.58358358e-02 7.00000000e+17
3.59359359e-02 7.00000000e+17
3.60360360e-02 7.00000000e+17
3.61361361e-02 7.00000000e+17
3.62362362e-02 7.00000000e+17
3.63363363e-02 7.00000000e+17
3.64364364e-02 7.00000000e+17
3.65365365e-02 7.00000000e+17
3.66366366e-02 7.00000000e+17
3.67367367e-02 7.00000000e+17
3.68368368e-02 7.00000000e+17
3.69369369e-02 7.00000000e+17
3.70370370e-02 7.00000000e+17
3.71371371e-02 7.00000000e+17
3.72372372e-02 7.00000000e+17
3.73373373e-02 7.00000000e+17
3.74374374e-02 7.00000000e+17
3.75375375e-02 7.00000000e+17
3.76376376e-02 7.00000000e+17
3.77377377e-02 7.00000000e+17
3.78378378e-02 7.00000000e+17
3.79379379e-02 7.00000000e+17
3.80380380e-02 7.00000000e+17
3.81381381e-02 7.00000000e+17
3.82382382e-02 7.00000000e+17
3.83383383e-02 7.00000000e+17
3.84384384e-02 7.00000000e+17
3.85385385e-02 7.00000000e+17
3.86386386e-02 7.00000000e+17
3.87387387e-02 7.00000000e+17
3.88388388e-02 7.00000000e+17
3.89389389e-02 7.00000000e+17
3.90390390e-02 7.00000000e+17
3.91391391e-02 7.00000000e+17
3.92392392e-02 7.00000000e+17
3.93393393e-02 7.00000000e+17
3.94394394e-02 7.00000000e+17
3.95395395e-02 7.00000000e+17
3.96396396e-02 7.00000000e+17
3.97397397e-02 7.00000000e+17
3.98398398e-02 7.00000000e+17
3.99399399e-02 7.00000000e+17
4.00400400e-02 7.00000000e+17
4.01401401e-02 7.00000000e+17
4.02402402e-02 7.00000000e+17
4.03403403e-02 7.00000000e+17
4.04404404e-02 7.00000000e+17
4.05405405e-02 7.00000000e+17
4.06406406e-02 7.00000000e+17
4.07407407e-02 7.00000000e+17
4.08408408e-02 7.00000000e+17
4.09409409e-02 7.00000000e+17
4.10410410e-02 7.00000000e+17
4.11411411e-02 7.00000000e+17
4.12412412e-02 7.00000000e+17
4.13413413e-02 7.00000000e+17
4.14414414e-02 7.00000000e+17
4.15415415e-02 7.00000000e+17
4.16416416e-02 7.00000000e+17
4.17417417e-02 7.00000000e+17
4.18418418e-02 7.00000000e+17
4.19419419e-02 7.00000000e+17
4.20420420e-02 7.00000000e+17
4.21421421e-02 7.00000000e+17
4.22422422e-02 7.00000000e+17
4.23423423e-02 7.00000000e+17
4.24424424e-02 7.00000000e+17
4.25425425e-02 7.00000000e+17
4.26426426e-02 7.00000000e+17
4.27427427e-02 7.00000000e+17
4.28428428e-02 7.00000000e+17
4.29429429e-02 7.00000000e+17
4.30430430e-02 7.00000000e+17
4.31431431e-02 7.00000000e+17
4.32432432e-02 7.00000000e+17
4.33433433e-02 7.00000000e+17
4.34434434e-02 7.00000000e+17
4.35435435e-02 7.00000000e+17
4.36436436e-02 7.00000000e+17
4.37437437e-02 7.00000000e+17
4.38438438e-02 7.00000000e+17
4.39439439e-02 7.00000000e+17
4.40440440e-02 7.00000000e+17
4.41441441e-02 7.00000000e+17
4.42442442e-02 7.00000000e+17
4.43443443e-02 7.00000000e+17
4.44444444e-02 7.00000000e+17
4.45445445e-02 7.00000000e+17
4.46446446e-02 7.00000000e+17
4.47447447e-02 7.00000000e+17
4.48448448e-02 7.00000000e+17
4.49449449e-02 7.00000000e+17
4.50450450e-02 7.00000000e+17
4.51451451e-02 7.00000000e+17
4.52452452e-02 7.00000000e+17
4.53453453e-02 7.00000000e+17
4.54454454e-02 7.00000000e+17
4.55455455e-02 7.00000000e+17
4.56456456e-02 7.00000000e+17
4.57457457e-02 7.00000000e+17
4.58458458e-02 7.00000000e+17
4.59459459e-02 7.00000000e+17
4.60460460e-02 7.00000000e+17
4.61461461e-02 7.00000000e+17
4.62462462e-02 7.00000000e+17
4.63463463e-02 7.00000000e+17
4.64464464e-02 7.00000000e+17
4.65465465e-02 7.00000000e+17
4.66466466e-02 7.00000000e+17
4.67467467e-02 7.00000000e+17
4.68468468e-02 7.00000000e+17
4.69469469e-02 7.00000000e+17
4.70470470e-02 7.00000000e+17
4.71471471e-02 7.00000000e+17
4.72472472e-02 7.00000000e+17
4.73473473e-02 7.00000000e+17
4.74474474e-02 7.00000000e+17
4.75475475e-02 7.00000000e+17
4.76476476e-02 7.00000000e+17
4.77477477e-02 7.00000000e+17
4.78478478e-02 7.00000000e+17
4.79479479e-02 7.00000000e+17
4.80480480e-02 7.00000000e+17
4.81481481e-02 7.00000000e+17
4.82482482e-02 7.00000000e+17
4.83483483e-02 7.00000000e+17
4.84484484e-02 7.00000000e+17
4.85485485e-02 3.00000000e+22
4.86486486e-02 3.00000000e+22
4.87487487e-02 3.00000000e+22
4.88488488e-02 3.00000000e+22
4.89489489e-02 3.00000000e+22
4.90490490e-02 3.00000000e+22
4.91491491e-02 3.00000000e+22
4.92492492e-02 3.00000000e+22
4.93493493e-02 3.00000000e+22
4.94494494e-02 3.00000000e+22
4.95495495e-02 3.00000000e+22
4.96496496e-02 3.00000000e+22
4.97497497e-02 3.00000000e+22
4.98498498e-02 3.00000000e+22
4.99499499e-02 3.00000000e+22
5.00500501e-02 3.00000000e+22
5.01501502e-02 3.00000000e+22
5.02502503e-02 3.00000000e+22
5.03503504e-02 3.00000000e+22
5.04504505e-02 3.00000000e+22
5.05505506e-02 3.00000000e+22
5.06506507e-02 3.00000000e+22
5.07507508e-02 3.00000000e+22
5.08508509e-02 3.00000000e+22
5.09509510e-02 3.00000000e+22
5.10510511e-02 3.00000000e+22
5.11511512e-02 3.00000000e+22
5.12512513e-02 3.00000000e+22
5.13513514e-02 3.00000000e+22
5.14514515e-02 3.00000000e+22
5.15515516e-02 7.00000000e+17
5.16516517e-02 7.00000000e+17
5.17517518e-02 7.00000000e+17
5.18518519e-02 7.00000000e+17
5.19519520e-02 7.00000000e+17
5.20520521e-02 7.00000000e+17
5.21521522e-02 7.00000000e+17
5.22522523e-02 7.00000000e+17
5.23523524e-02 7.00000000e+17
5.24524525e-02 7.00000000e+17
5.25525526e-02 7.00000000e+17
5.26526527e-02 7.00000000e+17
5.27527528e-02 7.00000000e+17
5.28528529e-02 7.00000000e+17
5.29529530e-02 7.00000000e+17
5.30530531e-02 7.00000000e+17
5.31531532e-02 7.00000000e+17
5.32532533e-02 7.00000000e+17
5.33533534e-02 7.00000000e+17
5.34534535e-02 7.00000000e+17
5.35535536e-02 7.00000000e+17
5.36536537e-02 7.00000000e+17
5.37537538e-02 7.00000000e+17
5.38538539e-02 7.00000000e+17
5.39539540e-02 7.00000000e+17
5.40540541e-02 7.00000000e+17
5.41541542e-02 7.00000000e+17
5.42542543e-02 7.00000000e+17
5.43543544e-02 7.00000000e+17
5.44544545e-02 7.00000000e+17
5.45545546e-02 7.00000000e+17
5.46546547e-02 7.00000000e+17
5.47547548e-02 7.00000000e+17
5.48548549e-02 7.00000000e+17
5.49549550e-02 7.00000000e+17
5.50550551e-02 7.00000000e+17
5.51551552e-02 7.00000000e+17
5.52552553e-02 7.00000000e+17
5.53553554e-02 7.00000000e+17
5.54554555e-02 7.00000000e+17
5.55555556e-02 7.00000000e+17
5.56556557e-02 7.00000000e+17
5.57557558e-02 7.00000000e+17
5.58558559e-02 7.00000000e+17
5.59559560e-02 7.00000000e+17
5.60560561e-02 7.00000000e+17
5.61561562e-02 7.00000000e+17
5.62562563e-02 7.00000000e+17
5.63563564e-02 7.00000000e+17
5.64564565e-02 7.00000000e+17
5.65565566e-02 7.00000000e+17
5.66566567e-02 7.00000000e+17
5.67567568e-02 7.00000000e+17
5.68568569e-02 7.00000000e+17
5.69569570e-02 7.00000000e+17
5.70570571e-02 7.00000000e+17
5.71571572e-02 7.00000000e+17
5.72572573e-02 7.00000000e+17
5.73573574e-02 7.00000000e+17
5.74574575e-02 7.00000000e+17
5.75575576e-02 7.00000000e+17
5.76576577e-02 7.00000000e+17
5.77577578e-02 7.00000000e+17
5.78578579e-02 7.00000000e+17
5.79579580e-02 7.00000000e+17
5.80580581e-02 7.00000000e+17
5.81581582e-02 7.00000000e+17
5.82582583e-02 7.00000000e+17
5.83583584e-02 7.00000000e+17
5.84584585e-02 7.00000000e+17
5.85585586e-02 7.00000000e+17
5.86586587e-02 7.00000000e+17
5.87587588e-02 7.00000000e+17
5.88588589e-02 7.00000000e+17
5.89589590e-02 7.00000000e+17
5.90590591e-02 7.00000000e+17
5.91591592e-02 7.00000000e+17
5.92592593e-02 7.00000000e+17
5.93593594e-02 7.00000000e+17
5.94594595e-02 7.00000000e+17
5.95595596e-02 7.00000000e+17
5.96596597e-02 7.00000000e+17
5.97597598e-02 7.00000000e+17
5.98598599e-02 7.00000000e+17
5.99599600e-02 7.00000000e+17
6.00600601e-02 7.00000000e+17
6.01601602e-02 7.00000000e+17
6.02602603e-02 7.00000000e+17
6.03603604e-02 7.00000000e+17
6.04604605e-02 7.00000000e+17
6.05605606e-02 7.00000000e+17
6.06606607e-02 7.00000000e+17
6.07607608e-02 7.00000000e+17
6.08608609e-02 7.00000000e+17
6.09609610e-02 7.00000000e+17
6.10610611e-02 7.00000000e+17
6.11611612e-02 7.00000000e+17
6.12612613e-02 7.00000000e+17
6.13613614e-02 7.00000000e+17
6.14614615e-02 7.00000000e+17
6.15615616e-02 7.00000000e+17
6.16616617e-02 7.00000000e+17
6.17617618e-02 7.00000000e+17
6.18618619e-02 7.00000000e+17
6.19619620e-02 7.00000000e+17
6.20620621e-02 7.00000000e+17
6.21621622e-02 7.00000000e+17
6.22622623e-02 7.00000000e+17
6.23623624e-02 7.00000000e+17
6.24624625e-02 7.00000000e+17
6.25625626e-02 7.00000000e+17
6.26626627e-02 7.00000000e+17
6.27627628e-02 7.00000000e+17
6.28628629e-02 7.00000000e+17
6.29629630e-02 7.00000000e+17
6.30630631e-02 7.00000000e+17
6.31631632e-02 7.00000000e+17
6.32632633e-02 7.00000000e+17
6.33633634e-02 7.00000000e+17
6.34634635e-02 7.00000000e+17
6.35635636e-02 7.00000000e+17
6.36636637e-02 7.00000000e+17
6.37637638e-02 7.00000000e+17
6.38638639e-02 7.00000000e+17
6.39639640e-02 7.00000000e+17
6.40640641e-02 7.00000000e+17
6.41641642e-02 7.00000000e+17
6.42642643e-02 7.00000000e+17
6.43643644e-02 7.00000000e+17
6.44644645e-02 7.00000000e+17
6.45645646e-02 7.00000000e+17
6.46646647e-02 7.00000000e+17
6.47647648e-02 7.00000000e+17
6.48648649e-02 7.00000000e+17
6.49649650e-02 7.00000000e+17
6.50650651e-02 7.00000000e+17
6.51651652e-02 7.00000000e+17
6.52652653e-02 7.00000000e+17
6.53653654e-02 7.00000000e+17
6.54654655e-02 7.00000000e+17
6.55655656e-02 7.00000000e+17
6.56656657e-02 7.00000000e+17
6.57657658e-02 7.00000000e+17
6.58658659e-02 7.00000000e+17
6.59659660e-02 7.00000000e+17
6.60660661e-02 7.00000000e+17
6.61661662e-02 7.00000000e+17
6.62662663e-02 7.00000000e+17
6.63663664e-02 7.00000000e+17
6.64664665e-02 7.00000000e+17
6.65665666e-02 7.00000000e+17
6.66666667e-02 7.00000000e+17
6.67667668e-02 7.00000000e+17
6.68668669e-02 7.00000000e+17
6.69669670e-02 7.00000000e+17
6.70670671e-02 7.00000000e+17
6.71671672e-02 7.00000000e+17
6.72672673e-02 7.00000000e+17
6.73673674e-02 7.00000000e+17
6.74674675e-02 7.00000000e+17
6.75675676e-02 7.00000000e+17
6.76676677e-02 7.00000000e+17
6.77677678e-02 7.00000000e+17
6.78678679e-02 7.00000000e+17
6.79679680e-02 7.00000000e+17
6.80680681e-02 7.00000000e+17
6.81681682e-02 7.00000000e+17
6.82682683e-02 7.00000000e+17
6.83683684e-02 7.00000000e+17
6.84684685e-02 7.00000000e+17
6.85685686e-02 7.00000000e+17
6.86686687e-02 7.00000000e+17
6.87687688e-02 7.00000000e+17
6.88688689e-02 7.00000000e+17
6.89689690e-02 7.00000000e+17
6.90690691e-02 7.00000000e+17
6.91691692e-02 7.00000000e+17
6.92692693e-02 7.00000000e+17
6.93693694e-02 7.00000000e+17
6.94694695e-02 7.00000000e+17
6.95695696e-02 7.00000000e+17
6.96696697e-02 7.00000000e+17
6.97697698e-02 7.00000000e+17
6.98698699e-02 7.00000000e+17
6.99699700e-02 7.00000000e+17
7.00700701e-02 7.00000000e+17
7.01701702e-02 7.00000000e+17
7.02702703e-02 7.00000000e+17
7.03703704e-02 7.00000000e+17
7.04704705e-02 7.00000000e+17
7.05705706e-02 7.00000000e+17
7.06706707e-02 7.00000000e+17
7.07707708e-02 7.00000000e+17
7.08708709e-02 7.00000000e+17
7.09709710e-02 7.00000000e+17
7.10710711e-02 7.00000000e+17
7.11711712e-02 7.00000000e+17
7.12712713e-02 7.00000000e+17
7.13713714e-02 7.00000000e+17
7.14714715e-02 7.00000000e+17
7.15715716e-02 7.00000000e+17
7.16716717e-02 7.00000000e+17
7.17717718e-02 7.00000000e+17
7.18718719e-02 7.00000000e+17
7.19719720e-02 7.00000000e+17
7.20720721e-02 7.00000000e+17
7.21721722e-02 7.00000000e+17
7.22722723e-02 7.00000000e+17
7.23723724e-02 7.00000000e+17
7.24724725e-02 7.00000000e+17
7.25725726e-02 7.00000000e+17
7.26726727e-02 7.00000000e+17
7.27727728e-02 7.00000000e+17
7.28728729e-02 7.00000000e+17
7.29729730e-02 7.00000000e+17
7.30730731e-02 7.00000000e+17
7.31731732e-02 7.00000000e+17
7.32732733e-02 7.00000000e+17
7.33733734e-02 7.00000000e+17
7.34734735e-02 7.00000000e+17
7.35735736e-02 7.00000000e+17
7.36736737e-02 7.00000000e+17
7.37737738e-02 7.00000000e+17
7.38738739e-02 7.00000000e+17
7.39739740e-02 7.00000000e+17
7.40740741e-02 7.00000000e+17
7.41741742e-02 7.00000000e+17
7.42742743e-02 7.00000000e+17
7.43743744e-02 7.00000000e+17
7.44744745e-02 7.00000000e+17
7.45745746e-02 7.00000000e+17
7.46746747e-02 7.00000000e+17
7.47747748e-02 7.00000000e+17
7.48748749e-02 7.00000000e+17
7.49749750e-02 7.00000000e+17
7.50750751e-02 7.00000000e+17
7.51751752e-02 7.00000000e+17
7.52752753e-02 7.00000000e+17
7.53753754e-02 7.00000000e+17
7.54754755e-02 7.00000000e+17
7.55755756e-02 7.00000000e+17
7.56756757e-02 7.00000000e+17
7.57757758e-02 7.00000000e+17
7.58758759e-02 7.00000000e+17
7.59759760e-02 7.00000000e+17
7.60760761e-02 7.00000000e+17
7.61761762e-02 7.00000000e+17
7.62762763e-02 7.00000000e+17
7.63763764e-02 7.00000000e+17
7.64764765e-02 7.00000000e+17
7.65765766e-02 7.00000000e+17
7.66766767e-02 7.00000000e+17
7.67767768e-02 7.00000000e+17
7.68768769e-02 7.00000000e+17
7.69769770e-02 7.00000000e+17
7.70770771e-02 7.00000000e+17
7.71771772e-02 7.00000000e+17
7.72772773e-02 7.00000000e+17
7.73773774e-02 7.00000000e+17
7.74774775e-02 7.00000000e+17
7.75775776e-02 7.00000000e+17
7.76776777e-02 7.00000000e+17
7.77777778e-02 7.00000000e+17
7.78778779e-02 7.00000000e+17
7.79779780e-02 7.00000000e+17
7.80780781e-02 7.00000000e+17
7.81781782e-02 7.00000000e+17
7.82782783e-02 7.00000000e+17
7.83783784e-02 7.00000000e+17
7.84784785e-02 7.00000000e+17
7.85785786e-02 7.00000000e+17
7.86786787e-02 7.00000000e+17
7.87787788e-02 7.00000000e+17
7.88788789e-02 7.00000000e+17
7.89789790e-02 7.00000000e+17
7.90790791e-02 7.00000000e+17
7.91791792e-02 7.00000000e+17
7.92792793e-02 7.00000000e+17
7.93793794e-02 7.00000000e+17
7.94794795e-02 7.00000000e+17
7.95795796e-02 7.00000000e+17
7.96796797e-02 7.00000000e+17
7.97797798e-02 7.00000000e+17
7.98798799e-02 7.00000000e+17
7.99799800e-02 7.00000000e+17
8.00800801e-02 7.00000000e+17
8.01801802e-02 7.00000000e+17
8.02802803e-02 7.00000000e+17
8.03803804e-02 7.00000000e+17
8.04804805e-02 7.00000000e+17
8.05805806e-02 7.00000000e+17
8.06806807e-02 7.00000000e+17
8.07807808e-02 7.00000000e+17
8.08808809e-02 7.00000000e+17
8.09809810e-02 7.00000000e+17
8.10810811e-02 7.00000000e+17
8.11811812e-02 7.00000000e+17
8.12812813e-02 7.00000000e+17
8.13813814e-02 7.00000000e+17
8.14814815e-02 7.00000000e+17
8.15815816e-02 7.00000000e+17
8.16816817e-02 7.00000000e+17
8.17817818e-02 7.00000000e+17
8.18818819e-02 7.00000000e+17
8.19819820e-02 7.00000000e+17
8.20820821e-02 7.00000000e+17
8.21821822e-02 7.00000000e+17
8.22822823e-02 7.00000000e+17
8.23823824e-02 7.00000000e+17
8.24824825e-02 7.00000000e+17
8.25825826e-02 7.00000000e+17
8.26826827e-02 7.00000000e+17
8.27827828e-02 7.00000000e+17
8.28828829e-02 7.00000000e+17
8.29829830e-02 7.00000000e+17
8.30830831e-02 7.00000000e+17
8.31831832e-02 7.00000000e+17
8.32832833e-02 7.00000000e+17
8.33833834e-02 7.00000000e+17
8.34834835e-02 7.00000000e+17
8.35835836e-02 7.00000000e+17
8.36836837e-02 7.00000000e+17
8.37837838e-02 7.00000000e+17
8.38838839e-02 7.00000000e+17
8.39839840e-02 7.00000000e+17
8.40840841e-02 7.00000000e+17
8.41841842e-02 7.00000000e+17
8.42842843e-02 7.00000000e+17
8.43843844e-02 7.00000000e+17
8.44844845e-02 7.00000000e+17
8.45845846e-02 7.00000000e+17
8.46846847e-02 7.00000000e+17
8.47847848e-02 7.00000000e+17
8.48848849e-02 7.00000000e+17
8.49849850e-02 7.00000000e+17
8.50850851e-02 7.00000000e+17
8.51851852e-02 7.00000000e+17
8.52852853e-02 7.00000000e+17
8.53853854e-02 7.00000000e+17
8.54854855e-02 7.00000000e+17
8.55855856e-02 7.00000000e+17
8.56856857e-02 7.00000000e+17
8.57857858e-02 7.00000000e+17
8.58858859e-02 7.00000000e+17
8.59859860e-02 7.00000000e+17
8.60860861e-02 7.00000000e+17
8.61861862e-02 7.00000000e+17
8.62862863e-02 7.00000000e+17
8.63863864e-02 7.00000000e+17
8.64864865e-02 7.00000000e+17
8.65865866e-02 7.00000000e+17
8.66866867e-02 7.00000000e+17
8.67867868e-02 7.00000000e+17
8.68868869e-02 7.00000000e+17
8.69869870e-02 7.00000000e+17
8.70870871e-02 7.00000000e+17
8.71871872e-02 7.00000000e+17
8.72872873e-02 7.00000000e+17
8.73873874e-02 7.00000000e+17
8.74874875e-02 7.00000000e+17
8.75875876e-02 7.00000000e+17
8.76876877e-02 7.00000000e+17
8.77877878e-02 7.00000000e+17
8.78878879e-02 7.00000000e+17
8.79879880e-02 7.00000000e+17
8.80880881e-02 7.00000000e+17
8.81881882e-02 7.00000000e+17
8.82882883e-02 7.00000000e+17
8.83883884e-02 7.00000000e+17
8.84884885e-02 7.00000000e+17
8.85885886e-02 7.00000000e+17
8.86886887e-02 7.00000000e+17
8.87887888e-02 7.00000000e+17
8.88888889e-02 7.00000000e+17
8.89889890e-02 7.00000000e+17
8.90890891e-02 7.00000000e+17
8.91891892e-02 7.00000000e+17
8.92892893e-02 7.00000000e+17
8.93893894e-02 7.00000000e+17
8.94894895e-02 7.00000000e+17
8.95895896e-02 7.00000000e+17
8.96896897e-02 7.00000000e+17
8.97897898e-02 7.00000000e+17
8.98898899e-02 7.00000000e+17
8.99899900e-02 7.00000000e+17
9.00900901e-02 7.00000000e+17
9.01901902e-02 7.00000000e+17
9.02902903e-02 7.00000000e+17
9.03903904e-02 7.00000000e+17
9.04904905e-02 7.00000000e+17
9.05905906e-02 7.00000000e+17
9.06906907e-02 7.00000000e+17
9.07907908e-02 7.00000000e+17
9.08908909e-02 7.00000000e+17
9.09909910e-02 7.00000000e+17
9.10910911e-02 7.00000000e+17
9.11911912e-02 7.00000000e+17
9.12912913e-02 7.00000000e+17
9.13913914e-02 7.00000000e+17
9.14914915e-02 7.00000000e+17
9.15915916e-02 7.00000000e+17
9.16916917e-02 7.00000000e+17
9.17917918e-02 7.00000000e+17
9.18918919e-02 7.00000000e+17
9.19919920e-02 7.00000000e+17
9.20920921e-02 7.00000000e+17
9.21921922e-02 7.00000000e+17
9.22922923e-02 7.00000000e+17
9.23923924e-02 7.00000000e+17
9.24924925e-02 7.00000000e+17
9.25925926e-02 7.00000000e+17
9.26926927e-02 7.00000000e+17
9.27927928e-02 7.00000000e+17
9.28928929e-02 7.00000000e+17
9.29929930e-02 7.00000000e+17
9.30930931e-02 7.00000000e+17
9.31931932e-02 7.00000000e+17
9.32932933e-02 7.00000000e+17
9.33933934e-02 7.00000000e+17
9.34934935e-02 7.00000000e+17
9.35935936e-02 7.00000000e+17
9.36936937e-02 7.00000000e+17
9.37937938e-02 7.00000000e+17
9.38938939e-02 7.00000000e+17
9.39939940e-02 7.00000000e+17
9.40940941e-02 7.00000000e+17
9.41941942e-02 7.00000000e+17
9.42942943e-02 7.00000000e+17
9.43943944e-02 7.00000000e+17
9.44944945e-02 7.00000000e+17
9.45945946e-02 7.00000000e+17
9.46946947e-02 7.00000000e+17
9.47947948e-02 7.00000000e+17
9.48948949e-02 7.00000000e+17
9.49949950e-02 7.00000000e+17
9.50950951e-02 7.00000000e+17
9.51951952e-02 7.00000000e+17
9.52952953e-02 7.00000000e+17
9.53953954e-02 7.00000000e+17
9.54954955e-02 7.00000000e+17
9.55955956e-02 7.00000000e+17
9.56956957e-02 7.00000000e+17
9.57957958e-02 7.00000000e+17
9.58958959e-02 7.00000000e+17
9.59959960e-02 7.00000000e+17
9.60960961e-02 7.00000000e+17
9.61961962e-02 7.00000000e+17
9.62962963e-02 7.00000000e+17
9.63963964e-02 7.00000000e+17
9.64964965e-02 7.00000000e+17
9.65965966e-02 7.00000000e+17
9.66966967e-02 7.00000000e+17
9.67967968e-02 7.00000000e+17
9.68968969e-02 7.00000000e+17
9.69969970e-02 7.00000000e+17
9.70970971e-02 7.00000000e+17
9.71971972e-02 7.00000000e+17
9.72972973e-02 7.00000000e+17
9.73973974e-02 7.00000000e+17
9.74974975e-02 7.00000000e+17
9.75975976e-02 7.00000000e+17
9.76976977e-02 7.00000000e+17
9.77977978e-02 7.00000000e+17
9.78978979e-02 7.00000000e+17
9.79979980e-02 7.00000000e+17
9.80980981e-02 7.00000000e+17
9.81981982e-02 7.00000000e+17
9.82982983e-02 7.00000000e+17
9.83983984e-02 7.00000000e+17
9.84984985e-02 7.00000000e+17
9.85985986e-02 7.00000000e+17
9.86986987e-02 7.00000000e+17
9.87987988e-02 7.00000000e+17
9.88988989e-02 7.00000000e+17
9.89989990e-02 7.00000000e+17
9.90990991e-02 7.00000000e+17
9.91991992e-02 7.00000000e+17
9.92992993e-02 7.00000000e+17
9.93993994e-02 7.00000000e+17
9.94994995e-02 7.00000000e+17
9.95995996e-02 7.00000000e+17
9.96996997e-02 7.00000000e+17
9.97997998e-02 7.00000000e+17
9.98998999e-02 7.00000000e+17
1.00000000e-01 0.00000000e+00
