0.000000000000000000e+00 1.000000000000000000e+00
9.990009990009990001e-05 1.000000000000000000e+00
1.998001998001998000e-04 1.000000000000000000e+00
2.997002997002997000e-04 1.000000000000000000e+00
3.996003996003996001e-04 1.000000000000000000e+00
4.995004995004995001e-04 1.000000000000000000e+00
5.994005994005994001e-04 1.000000000000000000e+00
6.993006993006993001e-04 1.000000000000000000e+00
7.992007992007992001e-04 1.000000000000000000e+00
8.991008991008991001e-04 1.000000000000000000e+00
9.990009990009990001e-04 1.000000000000000000e+00
1.098901098901098900e-03 1.000000000000000000e+00
1.198801198801198800e-03 1.000000000000000000e+00
1.298701298701298700e-03 1.000000000000000000e+00
1.398601398601398600e-03 1.000000000000000000e+00
1.498501498501498500e-03 1.000000000000000000e+00
1.598401598401598400e-03 1.000000000000000000e+00
1.698301698301698300e-03 1.000000000000000000e+00
1.798201798201798200e-03 1.000000000000000000e+00
1.898101898101898100e-03 1.000000000000000000e+00
1.998001998001998000e-03 1.000000000000000000e+00
2.097902097902097900e-03 1.000000000000000000e+00
2.197802197802197800e-03 1.000000000000000000e+00
2.297702297702297700e-03 1.000000000000000000e+00
2.397602397602397600e-03 1.000000000000000000e+00
2.497502497502497500e-03 1.000000000000000000e+00
2.597402597402597400e-03 1.000000000000000000e+00
2.697302697302697300e-03 1.000000000000000000e+00
2.797202797202797200e-03 1.000000000000000000e+00
2.897102897102897100e-03 1.000000000000000000e+00
2.997002997002997000e-03 1.000000000000000000e+00
3.096903096903096900e-03 1.000000000000000000e+00
3.196803196803196800e-03 1.000000000000000000e+00
3.296703296703296700e-03 1.000000000000000000e+00
3.396603396603396600e-03 1.000000000000000000e+00
3.496503496503496500e-03 1.000000000000000000e+00
3.596403596403596400e-03 1.000000000000000000e+00
3.696303696303696300e-03 1.000000000000000000e+00
3.796203796203796201e-03 1.000000000000000000e+00
3.896103896103896101e-03 1.000000000000000000e+00
3.996003996003996001e-03 1.000000000000000000e+00
4.095904095904096334e-03 1.000000000000000000e+00
4.195804195804195801e-03 1.000000000000000000e+00
4.295704295704295267e-03 1.000000000000000000e+00
4.395604395604395601e-03 1.000000000000000000e+00
4.495504495504495934e-03 1.000000000000000000e+00
4.595404595404595401e-03 1.000000000000000000e+00
4.695304695304694867e-03 1.000000000000000000e+00
4.795204795204795201e-03 1.000000000000000000e+00
4.895104895104895534e-03 1.000000000000000000e+00
4.995004995004995001e-03 1.000000000000000000e+00
5.094905094905094467e-03 1.000000000000000000e+00
5.194805194805194801e-03 1.000000000000000000e+00
5.294705294705295134e-03 1.000000000000000000e+00
5.394605394605394601e-03 1.000000000000000000e+00
5.494505494505494067e-03 1.000000000000000000e+00
5.594405594405594401e-03 1.000000000000000000e+00
5.694305694305694734e-03 1.000000000000000000e+00
5.794205794205794201e-03 1.000000000000000000e+00
5.894105894105893667e-03 1.000000000000000000e+00
5.994005994005994001e-03 1.000000000000000000e+00
6.093906093906094334e-03 1.000000000000000000e+00
6.193806193806193801e-03 1.000000000000000000e+00
6.293706293706293267e-03 1.000000000000000000e+00
6.393606393606393601e-03 1.000000000000000000e+00
6.493506493506493935e-03 1.000000000000000000e+00
6.593406593406593401e-03 1.000000000000000000e+00
6.693306693306692867e-03 1.000000000000000000e+00
6.793206793206793201e-03 1.000000000000000000e+00
6.893106893106893535e-03 1.000000000000000000e+00
6.993006993006993001e-03 1.000000000000000000e+00
7.092907092907092467e-03 1.000000000000000000e+00
7.192807192807192801e-03 1.000000000000000000e+00
7.292707292707293135e-03 1.000000000000000000e+00
7.392607392607392601e-03 1.000000000000000000e+00
7.492507492507492067e-03 1.000000000000000000e+00
7.592407592407592401e-03 1.000000000000000000e+00
7.692307692307692735e-03 1.000000000000000000e+00
7.792207792207792201e-03 1.000000000000000000e+00
7.892107892107891667e-03 1.000000000000000000e+00
7.992007992007992001e-03 1.000000000000000000e+00
8.091908091908092335e-03 1.000000000000000000e+00
8.191808191808192668e-03 1.000000000000000000e+00
8.291708291708291267e-03 1.000000000000000000e+00
8.391608391608391601e-03 1.000000000000000000e+00
8.491508491508491935e-03 1.000000000000000000e+00
8.591408591408590534e-03 1.000000000000000000e+00
8.691308691308690867e-03 1.000000000000000000e+00
8.791208791208791201e-03 1.000000000000000000e+00
8.891108891108891535e-03 1.000000000000000000e+00
8.991008991008991869e-03 1.000000000000000000e+00
9.090909090909090468e-03 1.000000000000000000e+00
9.190809190809190801e-03 1.000000000000000000e+00
9.290709290709291135e-03 1.000000000000000000e+00
9.390609390609389734e-03 1.000000000000000000e+00
9.490509490509490068e-03 1.000000000000000000e+00
9.590409590409590401e-03 1.000000000000000000e+00
9.690309690309690735e-03 1.000000000000000000e+00
9.790209790209791069e-03 1.000000000000000000e+00
9.890109890109889668e-03 1.000000000000000000e+00
9.990009990009990001e-03 1.000000000000000000e+00
1.008991008991009034e-02 1.000000000000000000e+00
1.018981018981018893e-02 1.000000000000000000e+00
1.028971028971028927e-02 1.000000000000000000e+00
1.038961038961038960e-02 1.000000000000000000e+00
1.048951048951048994e-02 1.000000000000000000e+00
1.058941058941059027e-02 1.000000000000000000e+00
1.068931068931068887e-02 1.000000000000000000e+00
1.078921078921078920e-02 1.000000000000000000e+00
1.088911088911088954e-02 1.000000000000000000e+00
1.098901098901098813e-02 1.000000000000000000e+00
1.108891108891108847e-02 1.000000000000000000e+00
1.118881118881118880e-02 1.000000000000000000e+00
1.128871128871128914e-02 1.000000000000000000e+00
1.138861138861138947e-02 1.000000000000000000e+00
1.148851148851148807e-02 1.000000000000000000e+00
1.158841158841158840e-02 1.000000000000000000e+00
1.168831168831168874e-02 1.000000000000000000e+00
1.178821178821178733e-02 1.000000000000000000e+00
1.188811188811188767e-02 1.000000000000000000e+00
1.198801198801198800e-02 1.000000000000000000e+00
1.208791208791208834e-02 1.000000000000000000e+00
1.218781218781218867e-02 1.000000000000000000e+00
1.228771228771228727e-02 1.000000000000000000e+00
1.238761238761238760e-02 1.000000000000000000e+00
1.248751248751248794e-02 1.000000000000000000e+00
1.258741258741258653e-02 1.000000000000000000e+00
1.268731268731268687e-02 1.000000000000000000e+00
1.278721278721278720e-02 1.000000000000000000e+00
1.288711288711288754e-02 1.000000000000000000e+00
1.298701298701298787e-02 1.000000000000000000e+00
1.308691308691308647e-02 1.000000000000000000e+00
1.318681318681318680e-02 1.000000000000000000e+00
1.328671328671328714e-02 1.000000000000000000e+00
1.338661338661338573e-02 1.000000000000000000e+00
1.348651348651348607e-02 1.000000000000000000e+00
1.358641358641358640e-02 1.000000000000000000e+00
1.368631368631368674e-02 1.000000000000000000e+00
1.378621378621378707e-02 1.000000000000000000e+00
1.388611388611388567e-02 1.000000000000000000e+00
1.398601398601398600e-02 1.000000000000000000e+00
1.408591408591408634e-02 1.000000000000000000e+00
1.418581418581418493e-02 1.000000000000000000e+00
1.428571428571428527e-02 1.000000000000000000e+00
1.438561438561438560e-02 1.000000000000000000e+00
1.448551448551448594e-02 1.000000000000000000e+00
1.458541458541458627e-02 1.000000000000000000e+00
1.468531468531468487e-02 1.000000000000000000e+00
1.478521478521478520e-02 1.000000000000000000e+00
1.488511488511488554e-02 1.000000000000000000e+00
1.498501498501498413e-02 1.000000000000000000e+00
1.508491508491508447e-02 1.000000000000000000e+00
1.518481518481518480e-02 1.000000000000000000e+00
1.528471528471528514e-02 1.000000000000000000e+00
1.538461538461538547e-02 1.000000000000000000e+00
1.548451548451548407e-02 1.000000000000000000e+00
1.558441558441558440e-02 1.000000000000000000e+00
1.568431568431568474e-02 1.000000000000000000e+00
1.578421578421578333e-02 1.000000000000000000e+00
1.588411588411588540e-02 1.000000000000000000e+00
1.598401598401598400e-02 1.000000000000000000e+00
1.608391608391608260e-02 1.000000000000000000e+00
1.618381618381618467e-02 1.000000000000000000e+00
1.628371628371628327e-02 1.000000000000000000e+00
1.638361638361638534e-02 1.000000000000000000e+00
1.648351648351648394e-02 1.000000000000000000e+00
1.658341658341658253e-02 1.000000000000000000e+00
1.668331668331668460e-02 1.000000000000000000e+00
1.678321678321678320e-02 1.000000000000000000e+00
1.688311688311688180e-02 1.000000000000000000e+00
1.698301698301698387e-02 1.000000000000000000e+00
1.708291708291708247e-02 1.000000000000000000e+00
1.718281718281718107e-02 1.000000000000000000e+00
1.728271728271728314e-02 1.000000000000000000e+00
1.738261738261738173e-02 1.000000000000000000e+00
1.748251748251748380e-02 1.000000000000000000e+00
1.758241758241758240e-02 1.000000000000000000e+00
1.768231768231768100e-02 1.000000000000000000e+00
1.778221778221778307e-02 1.000000000000000000e+00
1.788211788211788167e-02 1.000000000000000000e+00
1.798201798201798374e-02 1.000000000000000000e+00
1.808191808191808234e-02 1.000000000000000000e+00
1.818181818181818094e-02 1.000000000000000000e+00
1.828171828171828300e-02 1.000000000000000000e+00
1.838161838161838160e-02 1.000000000000000000e+00
1.848151848151848020e-02 1.000000000000000000e+00
1.858141858141858227e-02 1.000000000000000000e+00
1.868131868131868087e-02 1.000000000000000000e+00
1.878121878121877947e-02 1.000000000000000000e+00
1.888111888111888154e-02 1.000000000000000000e+00
1.898101898101898014e-02 1.000000000000000000e+00
1.908091908091908220e-02 1.000000000000000000e+00
1.918081918081918080e-02 1.000000000000000000e+00
1.928071928071927940e-02 1.000000000000000000e+00
1.938061938061938147e-02 1.000000000000000000e+00
1.948051948051948007e-02 1.000000000000000000e+00
1.958041958041958214e-02 1.000000000000000000e+00
1.968031968031968074e-02 1.000000000000000000e+00
1.978021978021977934e-02 1.000000000000000000e+00
1.988011988011988140e-02 1.000000000000000000e+00
1.998001998001998000e-02 1.000000000000000000e+00
2.007992007992007860e-02 1.000000000000000000e+00
2.017982017982018067e-02 1.000000000000000000e+00
2.027972027972027927e-02 1.000000000000000000e+00
2.037962037962037787e-02 1.000000000000000000e+00
2.047952047952047994e-02 1.000000000000000000e+00
2.057942057942057854e-02 1.000000000000000000e+00
2.067932067932068060e-02 1.000000000000000000e+00
2.077922077922077920e-02 1.000000000000000000e+00
2.087912087912087780e-02 1.000000000000000000e+00
2.097902097902097987e-02 1.000000000000000000e+00
2.107892107892107847e-02 1.000000000000000000e+00
2.117882117882118054e-02 1.000000000000000000e+00
2.127872127872127914e-02 1.000000000000000000e+00
2.137862137862137774e-02 1.000000000000000000e+00
2.147852147852147980e-02 1.000000000000000000e+00
2.157842157842157840e-02 1.000000000000000000e+00
2.167832167832167700e-02 1.000000000000000000e+00
2.177822177822177907e-02 1.000000000000000000e+00
2.187812187812187767e-02 1.000000000000000000e+00
2.197802197802197627e-02 1.000000000000000000e+00
2.207792207792207834e-02 1.000000000000000000e+00
2.217782217782217694e-02 1.000000000000000000e+00
2.227772227772227900e-02 1.000000000000000000e+00
2.237762237762237760e-02 1.000000000000000000e+00
2.247752247752247620e-02 1.000000000000000000e+00
2.257742257742257827e-02 1.000000000000000000e+00
2.267732267732267687e-02 1.000000000000000000e+00
2.277722277722277894e-02 1.000000000000000000e+00
2.287712287712287754e-02 1.000000000000000000e+00
2.297702297702297614e-02 1.000000000000000000e+00
2.307692307692307820e-02 1.000000000000000000e+00
2.317682317682317680e-02 1.000000000000000000e+00
2.327672327672327540e-02 1.000000000000000000e+00
2.337662337662337747e-02 1.000000000000000000e+00
2.347652347652347607e-02 1.000000000000000000e+00
2.357642357642357467e-02 1.000000000000000000e+00
2.367632367632367674e-02 1.000000000000000000e+00
2.377622377622377534e-02 1.000000000000000000e+00
2.387612387612387740e-02 1.000000000000000000e+00
2.397602397602397600e-02 1.000000000000000000e+00
2.407592407592407460e-02 1.000000000000000000e+00
2.417582417582417667e-02 1.000000000000000000e+00
2.427572427572427527e-02 1.000000000000000000e+00
2.437562437562437734e-02 1.000000000000000000e+00
2.447552447552447594e-02 1.000000000000000000e+00
2.457542457542457454e-02 1.000000000000000000e+00
2.467532467532467660e-02 1.000000000000000000e+00
2.477522477522477520e-02 1.000000000000000000e+00
2.487512487512487380e-02 1.000000000000000000e+00
2.497502497502497587e-02 1.000000000000000000e+00
2.507492507492507447e-02 1.000000000000000000e+00
2.517482517482517307e-02 1.000000000000000000e+00
2.527472527472527514e-02 1.000000000000000000e+00
2.537462537462537374e-02 1.000000000000000000e+00
2.547452547452547580e-02 1.000000000000000000e+00
2.557442557442557440e-02 1.000000000000000000e+00
2.567432567432567300e-02 1.000000000000000000e+00
2.577422577422577507e-02 1.000000000000000000e+00
2.587412587412587367e-02 1.000000000000000000e+00
2.597402597402597574e-02 1.000000000000000000e+00
2.607392607392607434e-02 1.000000000000000000e+00
2.617382617382617294e-02 1.000000000000000000e+00
2.627372627372627500e-02 1.000000000000000000e+00
2.637362637362637360e-02 1.000000000000000000e+00
2.647352647352647220e-02 1.000000000000000000e+00
2.657342657342657427e-02 1.000000000000000000e+00
2.667332667332667287e-02 1.000000000000000000e+00
2.677322677322677147e-02 1.000000000000000000e+00
2.687312687312687354e-02 1.000000000000000000e+00
2.697302697302697214e-02 1.000000000000000000e+00
2.707292707292707420e-02 1.000000000000000000e+00
2.717282717282717280e-02 1.000000000000000000e+00
2.727272727272727140e-02 1.000000000000000000e+00
2.737262737262737347e-02 1.000000000000000000e+00
2.747252747252747207e-02 1.000000000000000000e+00
2.757242757242757414e-02 1.000000000000000000e+00
2.767232767232767274e-02 1.000000000000000000e+00
2.777222777222777134e-02 1.000000000000000000e+00
2.787212787212787340e-02 1.000000000000000000e+00
2.797202797202797200e-02 1.000000000000000000e+00
2.807192807192807060e-02 1.000000000000000000e+00
2.817182817182817267e-02 1.000000000000000000e+00
2.827172827172827127e-02 1.000000000000000000e+00
2.837162837162836987e-02 1.000000000000000000e+00
2.847152847152847194e-02 1.000000000000000000e+00
2.857142857142857054e-02 1.000000000000000000e+00
2.867132867132867260e-02 1.000000000000000000e+00
2.877122877122877120e-02 1.000000000000000000e+00
2.887112887112886980e-02 1.000000000000000000e+00
2.897102897102897187e-02 1.000000000000000000e+00
2.907092907092907047e-02 1.000000000000000000e+00
2.917082917082917254e-02 1.000000000000000000e+00
2.927072927072927114e-02 1.000000000000000000e+00
2.937062937062936974e-02 1.000000000000000000e+00
2.947052947052947180e-02 1.000000000000000000e+00
2.957042957042957040e-02 1.000000000000000000e+00
2.967032967032966900e-02 1.000000000000000000e+00
2.977022977022977107e-02 1.000000000000000000e+00
2.987012987012986967e-02 1.000000000000000000e+00
2.997002997002996827e-02 1.000000000000000000e+00
3.006993006993007034e-02 1.000000000000000000e+00
3.016983016983016894e-02 1.000000000000000000e+00
3.026973026973027101e-02 1.000000000000000000e+00
3.036963036963036960e-02 1.000000000000000000e+00
3.046953046953046820e-02 1.000000000000000000e+00
3.056943056943057027e-02 1.000000000000000000e+00
3.066933066933066887e-02 1.000000000000000000e+00
3.076923076923077094e-02 1.000000000000000000e+00
3.086913086913086954e-02 1.000000000000000000e+00
3.096903096903096814e-02 1.000000000000000000e+00
3.106893106893107021e-02 1.000000000000000000e+00
3.116883116883116880e-02 1.000000000000000000e+00
3.126873126873126740e-02 1.000000000000000000e+00
3.136863136863136947e-02 1.000000000000000000e+00
3.146853146853147154e-02 1.000000000000000000e+00
3.156843156843156667e-02 1.000000000000000000e+00
3.166833166833166874e-02 1.000000000000000000e+00
3.176823176823177081e-02 1.000000000000000000e+00
3.186813186813186594e-02 1.000000000000000000e+00
3.196803196803196800e-02 1.000000000000000000e+00
3.206793206793207007e-02 1.000000000000000000e+00
3.216783216783216520e-02 1.000000000000000000e+00
3.226773226773226727e-02 1.000000000000000000e+00
3.236763236763236934e-02 1.000000000000000000e+00
3.246753246753246447e-02 1.000000000000000000e+00
3.256743256743256654e-02 1.000000000000000000e+00
3.266733266733266861e-02 1.000000000000000000e+00
3.276723276723277067e-02 1.000000000000000000e+00
3.286713286713286580e-02 1.000000000000000000e+00
3.296703296703296787e-02 1.000000000000000000e+00
3.306693306693306994e-02 1.000000000000000000e+00
3.316683316683316507e-02 1.000000000000000000e+00
3.326673326673326714e-02 1.000000000000000000e+00
3.336663336663336921e-02 1.000000000000000000e+00
3.346653346653346434e-02 1.000000000000000000e+00
3.356643356643356640e-02 1.000000000000000000e+00
3.366633366633366847e-02 1.000000000000000000e+00
3.376623376623376360e-02 1.000000000000000000e+00
3.386613386613386567e-02 1.000000000000000000e+00
3.396603396603396774e-02 1.000000000000000000e+00
3.406593406593406287e-02 1.000000000000000000e+00
3.416583416583416494e-02 1.000000000000000000e+00
3.426573426573426701e-02 1.000000000000000000e+00
3.436563436563436214e-02 1.000000000000000000e+00
3.446553446553446420e-02 1.000000000000000000e+00
3.456543456543456627e-02 1.000000000000000000e+00
3.466533466533466834e-02 1.000000000000000000e+00
3.476523476523476347e-02 1.000000000000000000e+00
3.486513486513486554e-02 1.000000000000000000e+00
3.496503496503496761e-02 1.000000000000000000e+00
3.506493506493506274e-02 1.000000000000000000e+00
3.516483516483516480e-02 1.000000000000000000e+00
3.526473526473526687e-02 1.000000000000000000e+00
3.536463536463536200e-02 1.000000000000000000e+00
3.546453546453546407e-02 1.000000000000000000e+00
3.556443556443556614e-02 1.000000000000000000e+00
3.566433566433566127e-02 1.000000000000000000e+00
3.576423576423576334e-02 1.000000000000000000e+00
3.586413586413586541e-02 1.000000000000000000e+00
3.596403596403596747e-02 1.000000000000000000e+00
3.606393606393606260e-02 1.000000000000000000e+00
3.616383616383616467e-02 1.000000000000000000e+00
3.626373626373626674e-02 1.000000000000000000e+00
3.636363636363636187e-02 1.000000000000000000e+00
3.646353646353646394e-02 1.000000000000000000e+00
3.656343656343656601e-02 1.000000000000000000e+00
3.666333666333666114e-02 1.000000000000000000e+00
3.676323676323676320e-02 1.000000000000000000e+00
3.686313686313686527e-02 1.000000000000000000e+00
3.696303696303696040e-02 1.000000000000000000e+00
3.706293706293706247e-02 1.000000000000000000e+00
3.716283716283716454e-02 1.000000000000000000e+00
3.726273726273725967e-02 1.000000000000000000e+00
3.736263736263736174e-02 1.000000000000000000e+00
3.746253746253746381e-02 1.000000000000000000e+00
3.756243756243755894e-02 1.000000000000000000e+00
3.766233766233766100e-02 1.000000000000000000e+00
3.776223776223776307e-02 1.000000000000000000e+00
3.786213786213786514e-02 1.000000000000000000e+00
3.796203796203796027e-02 1.000000000000000000e+00
3.806193806193806234e-02 1.000000000000000000e+00
3.816183816183816441e-02 1.000000000000000000e+00
3.826173826173825954e-02 1.000000000000000000e+00
3.836163836163836161e-02 1.000000000000000000e+00
3.846153846153846367e-02 1.000000000000000000e+00
3.856143856143855880e-02 1.000000000000000000e+00
3.866133866133866087e-02 1.000000000000000000e+00
3.876123876123876294e-02 1.000000000000000000e+00
3.886113886113885807e-02 1.000000000000000000e+00
3.896103896103896014e-02 1.000000000000000000e+00
3.906093906093906221e-02 1.000000000000000000e+00
3.916083916083916427e-02 1.000000000000000000e+00
3.926073926073925940e-02 1.000000000000000000e+00
3.936063936063936147e-02 1.000000000000000000e+00
3.946053946053946354e-02 1.000000000000000000e+00
3.956043956043955867e-02 1.000000000000000000e+00
3.966033966033966074e-02 1.000000000000000000e+00
3.976023976023976281e-02 1.000000000000000000e+00
3.986013986013985794e-02 1.000000000000000000e+00
3.996003996003996001e-02 1.000000000000000000e+00
4.005994005994006207e-02 1.000000000000000000e+00
4.015984015984015720e-02 1.000000000000000000e+00
4.025974025974025927e-02 1.000000000000000000e+00
4.035964035964036134e-02 1.000000000000000000e+00
4.045954045954045647e-02 1.000000000000000000e+00
4.055944055944055854e-02 1.000000000000000000e+00
4.065934065934066061e-02 1.000000000000000000e+00
4.075924075924075574e-02 1.000000000000000000e+00
4.085914085914085780e-02 1.000000000000000000e+00
4.095904095904095987e-02 1.000000000000000000e+00
4.105894105894106194e-02 1.000000000000000000e+00
4.115884115884115707e-02 1.000000000000000000e+00
4.125874125874125914e-02 1.000000000000000000e+00
4.135864135864136121e-02 1.000000000000000000e+00
4.145854145854145634e-02 1.000000000000000000e+00
4.155844155844155841e-02 1.000000000000000000e+00
4.165834165834166047e-02 1.000000000000000000e+00
4.175824175824175560e-02 1.000000000000000000e+00
4.185814185814185767e-02 1.000000000000000000e+00
4.195804195804195974e-02 1.000000000000000000e+00
4.205794205794205487e-02 1.000000000000000000e+00
4.215784215784215694e-02 1.000000000000000000e+00
4.225774225774225901e-02 1.000000000000000000e+00
4.235764235764236108e-02 1.000000000000000000e+00
4.245754245754245620e-02 1.000000000000000000e+00
4.255744255744255827e-02 1.000000000000000000e+00
4.265734265734266034e-02 1.000000000000000000e+00
4.275724275724275547e-02 1.000000000000000000e+00
4.285714285714285754e-02 1.000000000000000000e+00
4.295704295704295961e-02 1.000000000000000000e+00
4.305694305694305474e-02 1.000000000000000000e+00
4.315684315684315681e-02 1.000000000000000000e+00
4.325674325674325887e-02 1.000000000000000000e+00
4.335664335664335400e-02 1.000000000000000000e+00
4.345654345654345607e-02 1.000000000000000000e+00
4.355644355644355814e-02 1.000000000000000000e+00
4.365634365634365327e-02 1.000000000000000000e+00
4.375624375624375534e-02 1.000000000000000000e+00
4.385614385614385741e-02 1.000000000000000000e+00
4.395604395604395254e-02 1.000000000000000000e+00
4.405594405594405460e-02 1.000000000000000000e+00
4.415584415584415667e-02 1.000000000000000000e+00
4.425574425574425874e-02 1.000000000000000000e+00
4.435564435564435387e-02 1.000000000000000000e+00
4.445554445554445594e-02 1.000000000000000000e+00
4.455544455544455801e-02 1.000000000000000000e+00
4.465534465534465314e-02 1.000000000000000000e+00
4.475524475524475521e-02 1.000000000000000000e+00
4.485514485514485727e-02 1.000000000000000000e+00
4.495504495504495240e-02 1.000000000000000000e+00
4.505494505494505447e-02 1.000000000000000000e+00
4.515484515484515654e-02 1.000000000000000000e+00
4.525474525474525167e-02 1.000000000000000000e+00
4.535464535464535374e-02 1.000000000000000000e+00
4.545454545454545581e-02 1.000000000000000000e+00
4.555444555444555788e-02 1.000000000000000000e+00
4.565434565434565301e-02 1.000000000000000000e+00
4.575424575424575507e-02 1.000000000000000000e+00
4.585414585414585714e-02 1.000000000000000000e+00
4.595404595404595227e-02 1.000000000000000000e+00
4.605394605394605434e-02 1.000000000000000000e+00
4.615384615384615641e-02 1.000000000000000000e+00
4.625374625374625154e-02 1.000000000000000000e+00
4.635364635364635361e-02 1.000000000000000000e+00
4.645354645354645567e-02 1.000000000000000000e+00
4.655344655344655080e-02 1.000000000000000000e+00
4.665334665334665287e-02 1.000000000000000000e+00
4.675324675324675494e-02 1.000000000000000000e+00
4.685314685314685007e-02 1.000000000000000000e+00
4.695304695304695214e-02 1.000000000000000000e+00
4.705294705294705421e-02 1.000000000000000000e+00
4.715284715284714934e-02 1.000000000000000000e+00
4.725274725274725141e-02 1.000000000000000000e+00
4.735264735264735347e-02 1.000000000000000000e+00
4.745254745254745554e-02 1.000000000000000000e+00
4.755244755244755067e-02 1.000000000000000000e+00
4.765234765234765274e-02 1.000000000000000000e+00
4.775224775224775481e-02 1.000000000000000000e+00
4.785214785214784994e-02 1.000000000000000000e+00
4.795204795204795201e-02 1.000000000000000000e+00
4.805194805194805407e-02 1.000000000000000000e+00
4.815184815184814920e-02 1.000000000000000000e+00
4.825174825174825127e-02 1.000000000000000000e+00
4.835164835164835334e-02 1.000000000000000000e+00
4.845154845154844847e-02 1.000000000000000000e+00
4.855144855144855054e-02 1.000000000000000000e+05
4.865134865134865261e-02 1.000000000000000000e+05
4.875124875124875468e-02 1.000000000000000000e+05
4.885114885114884981e-02 1.000000000000000000e+05
4.895104895104895187e-02 1.000000000000000000e+05
4.905094905094905394e-02 1.000000000000000000e+05
4.915084915084914907e-02 1.000000000000000000e+05
4.925074925074925114e-02 1.000000000000000000e+05
4.935064935064935321e-02 1.000000000000000000e+05
4.945054945054944834e-02 1.000000000000000000e+05
4.955044955044955041e-02 1.000000000000000000e+05
4.965034965034965247e-02 1.000000000000000000e+05
4.975024975024974760e-02 1.000000000000000000e+05
4.985014985014984967e-02 1.000000000000000000e+05
4.995004995004995174e-02 1.000000000000000000e+05
5.004995004995004687e-02 1.000000000000000000e+05
5.014985014985014894e-02 1.000000000000000000e+05
5.024975024975025101e-02 1.000000000000000000e+05
5.034965034965034614e-02 1.000000000000000000e+05
5.044955044955044821e-02 1.000000000000000000e+05
5.054945054945055027e-02 1.000000000000000000e+05
5.064935064935065234e-02 1.000000000000000000e+05
5.074925074925074747e-02 1.000000000000000000e+05
5.084915084915084954e-02 1.000000000000000000e+05
5.094905094905095161e-02 1.000000000000000000e+05
5.104895104895104674e-02 1.000000000000000000e+05
5.114885114885114881e-02 1.000000000000000000e+05
5.124875124875125088e-02 1.000000000000000000e+05
5.134865134865134600e-02 1.000000000000000000e+05
5.144855144855144807e-02 1.000000000000000000e+05
5.154845154845155014e-02 1.000000000000000000e+00
5.164835164835164527e-02 1.000000000000000000e+00
5.174825174825174734e-02 1.000000000000000000e+00
5.184815184815184941e-02 1.000000000000000000e+00
5.194805194805195148e-02 1.000000000000000000e+00
5.204795204795204661e-02 1.000000000000000000e+00
5.214785214785214867e-02 1.000000000000000000e+00
5.224775224775225074e-02 1.000000000000000000e+00
5.234765234765234587e-02 1.000000000000000000e+00
5.244755244755244794e-02 1.000000000000000000e+00
5.254745254745255001e-02 1.000000000000000000e+00
5.264735264735264514e-02 1.000000000000000000e+00
5.274725274725274721e-02 1.000000000000000000e+00
5.284715284715284928e-02 1.000000000000000000e+00
5.294705294705294440e-02 1.000000000000000000e+00
5.304695304695304647e-02 1.000000000000000000e+00
5.314685314685314854e-02 1.000000000000000000e+00
5.324675324675324367e-02 1.000000000000000000e+00
5.334665334665334574e-02 1.000000000000000000e+00
5.344655344655344781e-02 1.000000000000000000e+00
5.354645354645354294e-02 1.000000000000000000e+00
5.364635364635364501e-02 1.000000000000000000e+00
5.374625374625374707e-02 1.000000000000000000e+00
5.384615384615384914e-02 1.000000000000000000e+00
5.394605394605394427e-02 1.000000000000000000e+00
5.404595404595404634e-02 1.000000000000000000e+00
5.414585414585414841e-02 1.000000000000000000e+00
5.424575424575424354e-02 1.000000000000000000e+00
5.434565434565434561e-02 1.000000000000000000e+00
5.444555444555444768e-02 1.000000000000000000e+00
5.454545454545454281e-02 1.000000000000000000e+00
5.464535464535464487e-02 1.000000000000000000e+00
5.474525474525474694e-02 1.000000000000000000e+00
5.484515484515484207e-02 1.000000000000000000e+00
5.494505494505494414e-02 1.000000000000000000e+00
5.504495504495504621e-02 1.000000000000000000e+00
5.514485514485514828e-02 1.000000000000000000e+00
5.524475524475524341e-02 1.000000000000000000e+00
5.534465534465534547e-02 1.000000000000000000e+00
5.544455544455544754e-02 1.000000000000000000e+00
5.554445554445554267e-02 1.000000000000000000e+00
5.564435564435564474e-02 1.000000000000000000e+00
5.574425574425574681e-02 1.000000000000000000e+00
5.584415584415584194e-02 1.000000000000000000e+00
5.594405594405594401e-02 1.000000000000000000e+00
5.604395604395604608e-02 1.000000000000000000e+00
5.614385614385614121e-02 1.000000000000000000e+00
5.624375624375624327e-02 1.000000000000000000e+00
5.634365634365634534e-02 1.000000000000000000e+00
5.644355644355644047e-02 1.000000000000000000e+00
5.654345654345654254e-02 1.000000000000000000e+00
5.664335664335664461e-02 1.000000000000000000e+00
5.674325674325673974e-02 1.000000000000000000e+00
5.684315684315684181e-02 1.000000000000000000e+00
5.694305694305694387e-02 1.000000000000000000e+00
5.704295704295704594e-02 1.000000000000000000e+00
5.714285714285714107e-02 1.000000000000000000e+00
5.724275724275724314e-02 1.000000000000000000e+00
5.734265734265734521e-02 1.000000000000000000e+00
5.744255744255744034e-02 1.000000000000000000e+00
5.754245754245754241e-02 1.000000000000000000e+00
5.764235764235764448e-02 1.000000000000000000e+00
5.774225774225773961e-02 1.000000000000000000e+00
5.784215784215784167e-02 1.000000000000000000e+00
5.794205794205794374e-02 1.000000000000000000e+00
5.804195804195803887e-02 1.000000000000000000e+00
5.814185814185814094e-02 1.000000000000000000e+00
5.824175824175824301e-02 1.000000000000000000e+00
5.834165834165834508e-02 1.000000000000000000e+00
5.844155844155844021e-02 1.000000000000000000e+00
5.854145854145854228e-02 1.000000000000000000e+00
5.864135864135864434e-02 1.000000000000000000e+00
5.874125874125873947e-02 1.000000000000000000e+00
5.884115884115884154e-02 1.000000000000000000e+00
5.894105894105894361e-02 1.000000000000000000e+00
5.904095904095903874e-02 1.000000000000000000e+00
5.914085914085914081e-02 1.000000000000000000e+00
5.924075924075924288e-02 1.000000000000000000e+00
5.934065934065933801e-02 1.000000000000000000e+00
5.944055944055944007e-02 1.000000000000000000e+00
5.954045954045954214e-02 1.000000000000000000e+00
5.964035964035963727e-02 1.000000000000000000e+00
5.974025974025973934e-02 1.000000000000000000e+00
5.984015984015984141e-02 1.000000000000000000e+00
5.994005994005993654e-02 1.000000000000000000e+00
6.003996003996003861e-02 1.000000000000000000e+00
6.013986013986014068e-02 1.000000000000000000e+00
6.023976023976024274e-02 1.000000000000000000e+00
6.033966033966033787e-02 1.000000000000000000e+00
6.043956043956043994e-02 1.000000000000000000e+00
6.053946053946054201e-02 1.000000000000000000e+00
6.063936063936063714e-02 1.000000000000000000e+00
6.073926073926073921e-02 1.000000000000000000e+00
6.083916083916084128e-02 1.000000000000000000e+00
6.093906093906093641e-02 1.000000000000000000e+00
6.103896103896103847e-02 1.000000000000000000e+00
6.113886113886114054e-02 1.000000000000000000e+00
6.123876123876123567e-02 1.000000000000000000e+00
6.133866133866133774e-02 1.000000000000000000e+00
6.143856143856143981e-02 1.000000000000000000e+00
6.153846153846154188e-02 1.000000000000000000e+00
6.163836163836163701e-02 1.000000000000000000e+00
6.173826173826173908e-02 1.000000000000000000e+00
6.183816183816184114e-02 1.000000000000000000e+00
6.193806193806193627e-02 1.000000000000000000e+00
6.203796203796203834e-02 1.000000000000000000e+00
6.213786213786214041e-02 1.000000000000000000e+00
6.223776223776223554e-02 1.000000000000000000e+00
6.233766233766233761e-02 1.000000000000000000e+00
6.243756243756243968e-02 1.000000000000000000e+00
6.253746253746253481e-02 1.000000000000000000e+00
6.263736263736263687e-02 1.000000000000000000e+00
6.273726273726273894e-02 1.000000000000000000e+00
6.283716283716284101e-02 1.000000000000000000e+00
6.293706293706294308e-02 1.000000000000000000e+00
6.303696303696303127e-02 1.000000000000000000e+00
6.313686313686313334e-02 1.000000000000000000e+00
6.323676323676323541e-02 1.000000000000000000e+00
6.333666333666333748e-02 1.000000000000000000e+00
6.343656343656343954e-02 1.000000000000000000e+00
6.353646353646354161e-02 1.000000000000000000e+00
6.363636363636362980e-02 1.000000000000000000e+00
6.373626373626373187e-02 1.000000000000000000e+00
6.383616383616383394e-02 1.000000000000000000e+00
6.393606393606393601e-02 1.000000000000000000e+00
6.403596403596403808e-02 1.000000000000000000e+00
6.413586413586414015e-02 1.000000000000000000e+00
6.423576423576424221e-02 1.000000000000000000e+00
6.433566433566433040e-02 1.000000000000000000e+00
6.443556443556443247e-02 1.000000000000000000e+00
6.453546453546453454e-02 1.000000000000000000e+00
6.463536463536463661e-02 1.000000000000000000e+00
6.473526473526473868e-02 1.000000000000000000e+00
6.483516483516484075e-02 1.000000000000000000e+00
6.493506493506492894e-02 1.000000000000000000e+00
6.503496503496503101e-02 1.000000000000000000e+00
6.513486513486513307e-02 1.000000000000000000e+00
6.523476523476523514e-02 1.000000000000000000e+00
6.533466533466533721e-02 1.000000000000000000e+00
6.543456543456543928e-02 1.000000000000000000e+00
6.553446553446554135e-02 1.000000000000000000e+00
6.563436563436562954e-02 1.000000000000000000e+00
6.573426573426573161e-02 1.000000000000000000e+00
6.583416583416583368e-02 1.000000000000000000e+00
6.593406593406593574e-02 1.000000000000000000e+00
6.603396603396603781e-02 1.000000000000000000e+00
6.613386613386613988e-02 1.000000000000000000e+00
6.623376623376622807e-02 1.000000000000000000e+00
6.633366633366633014e-02 1.000000000000000000e+00
6.643356643356643221e-02 1.000000000000000000e+00
6.653346653346653428e-02 1.000000000000000000e+00
6.663336663336663634e-02 1.000000000000000000e+00
6.673326673326673841e-02 1.000000000000000000e+00
6.683316683316682660e-02 1.000000000000000000e+00
6.693306693306692867e-02 1.000000000000000000e+00
6.703296703296703074e-02 1.000000000000000000e+00
6.713286713286713281e-02 1.000000000000000000e+00
6.723276723276723488e-02 1.000000000000000000e+00
6.733266733266733695e-02 1.000000000000000000e+00
6.743256743256743901e-02 1.000000000000000000e+00
6.753246753246752720e-02 1.000000000000000000e+00
6.763236763236762927e-02 1.000000000000000000e+00
6.773226773226773134e-02 1.000000000000000000e+00
6.783216783216783341e-02 1.000000000000000000e+00
6.793206793206793548e-02 1.000000000000000000e+00
6.803196803196803755e-02 1.000000000000000000e+00
6.813186813186812574e-02 1.000000000000000000e+00
6.823176823176822781e-02 1.000000000000000000e+00
6.833166833166832987e-02 1.000000000000000000e+00
6.843156843156843194e-02 1.000000000000000000e+00
6.853146853146853401e-02 1.000000000000000000e+00
6.863136863136863608e-02 1.000000000000000000e+00
6.873126873126872427e-02 1.000000000000000000e+00
6.883116883116882634e-02 1.000000000000000000e+00
6.893106893106892841e-02 1.000000000000000000e+00
6.903096903096903048e-02 1.000000000000000000e+00
6.913086913086913254e-02 1.000000000000000000e+00
6.923076923076923461e-02 1.000000000000000000e+00
6.933066933066933668e-02 1.000000000000000000e+00
6.943056943056942487e-02 1.000000000000000000e+00
6.953046953046952694e-02 1.000000000000000000e+00
6.963036963036962901e-02 1.000000000000000000e+00
6.973026973026973108e-02 1.000000000000000000e+00
6.983016983016983315e-02 1.000000000000000000e+00
6.993006993006993521e-02 1.000000000000000000e+00
7.002997002997002340e-02 1.000000000000000000e+00
7.012987012987012547e-02 1.000000000000000000e+00
7.022977022977022754e-02 1.000000000000000000e+00
7.032967032967032961e-02 1.000000000000000000e+00
7.042957042957043168e-02 1.000000000000000000e+00
7.052947052947053375e-02 1.000000000000000000e+00
7.062937062937063581e-02 1.000000000000000000e+00
7.072927072927072401e-02 1.000000000000000000e+00
7.082917082917082607e-02 1.000000000000000000e+00
7.092907092907092814e-02 1.000000000000000000e+00
7.102897102897103021e-02 1.000000000000000000e+00
7.112887112887113228e-02 1.000000000000000000e+00
7.122877122877123435e-02 1.000000000000000000e+00
7.132867132867132254e-02 1.000000000000000000e+00
7.142857142857142461e-02 1.000000000000000000e+00
7.152847152847152667e-02 1.000000000000000000e+00
7.162837162837162874e-02 1.000000000000000000e+00
7.172827172827173081e-02 1.000000000000000000e+00
7.182817182817183288e-02 1.000000000000000000e+00
7.192807192807193495e-02 1.000000000000000000e+00
7.202797202797202314e-02 1.000000000000000000e+00
7.212787212787212521e-02 1.000000000000000000e+00
7.222777222777222728e-02 1.000000000000000000e+00
7.232767232767232934e-02 1.000000000000000000e+00
7.242757242757243141e-02 1.000000000000000000e+00
7.252747252747253348e-02 1.000000000000000000e+00
7.262737262737262167e-02 1.000000000000000000e+00
7.272727272727272374e-02 1.000000000000000000e+00
7.282717282717282581e-02 1.000000000000000000e+00
7.292707292707292788e-02 1.000000000000000000e+00
7.302697302697302995e-02 1.000000000000000000e+00
7.312687312687313201e-02 1.000000000000000000e+00
7.322677322677322020e-02 1.000000000000000000e+00
7.332667332667332227e-02 1.000000000000000000e+00
7.342657342657342434e-02 1.000000000000000000e+00
7.352647352647352641e-02 1.000000000000000000e+00
7.362637362637362848e-02 1.000000000000000000e+00
7.372627372627373055e-02 1.000000000000000000e+00
7.382617382617383262e-02 1.000000000000000000e+00
7.392607392607392081e-02 1.000000000000000000e+00
7.402597402597402287e-02 1.000000000000000000e+00
7.412587412587412494e-02 1.000000000000000000e+00
7.422577422577422701e-02 1.000000000000000000e+00
7.432567432567432908e-02 1.000000000000000000e+00
7.442557442557443115e-02 1.000000000000000000e+00
7.452547452547451934e-02 1.000000000000000000e+00
7.462537462537462141e-02 1.000000000000000000e+00
7.472527472527472348e-02 1.000000000000000000e+00
7.482517482517482554e-02 1.000000000000000000e+00
7.492507492507492761e-02 1.000000000000000000e+00
7.502497502497502968e-02 1.000000000000000000e+00
7.512487512487511787e-02 1.000000000000000000e+00
7.522477522477521994e-02 1.000000000000000000e+00
7.532467532467532201e-02 1.000000000000000000e+00
7.542457542457542408e-02 1.000000000000000000e+00
7.552447552447552614e-02 1.000000000000000000e+00
7.562437562437562821e-02 1.000000000000000000e+00
7.572427572427573028e-02 1.000000000000000000e+00
7.582417582417581847e-02 1.000000000000000000e+00
7.592407592407592054e-02 1.000000000000000000e+00
7.602397602397602261e-02 1.000000000000000000e+00
7.612387612387612468e-02 1.000000000000000000e+00
7.622377622377622675e-02 1.000000000000000000e+00
7.632367632367632881e-02 1.000000000000000000e+00
7.642357642357641700e-02 1.000000000000000000e+00
7.652347652347651907e-02 1.000000000000000000e+00
7.662337662337662114e-02 1.000000000000000000e+00
7.672327672327672321e-02 1.000000000000000000e+00
7.682317682317682528e-02 1.000000000000000000e+00
7.692307692307692735e-02 1.000000000000000000e+00
7.702297702297702942e-02 1.000000000000000000e+00
7.712287712287711761e-02 1.000000000000000000e+00
7.722277722277721967e-02 1.000000000000000000e+00
7.732267732267732174e-02 1.000000000000000000e+00
7.742257742257742381e-02 1.000000000000000000e+00
7.752247752247752588e-02 1.000000000000000000e+00
7.762237762237762795e-02 1.000000000000000000e+00
7.772227772227771614e-02 1.000000000000000000e+00
7.782217782217781821e-02 1.000000000000000000e+00
7.792207792207792028e-02 1.000000000000000000e+00
7.802197802197802234e-02 1.000000000000000000e+00
7.812187812187812441e-02 1.000000000000000000e+00
7.822177822177822648e-02 1.000000000000000000e+00
7.832167832167832855e-02 1.000000000000000000e+00
7.842157842157841674e-02 1.000000000000000000e+00
7.852147852147851881e-02 1.000000000000000000e+00
7.862137862137862088e-02 1.000000000000000000e+00
7.872127872127872295e-02 1.000000000000000000e+00
7.882117882117882501e-02 1.000000000000000000e+00
7.892107892107892708e-02 1.000000000000000000e+00
7.902097902097901527e-02 1.000000000000000000e+00
7.912087912087911734e-02 1.000000000000000000e+00
7.922077922077921941e-02 1.000000000000000000e+00
7.932067932067932148e-02 1.000000000000000000e+00
7.942057942057942355e-02 1.000000000000000000e+00
7.952047952047952561e-02 1.000000000000000000e+00
7.962037962037961381e-02 1.000000000000000000e+00
7.972027972027971587e-02 1.000000000000000000e+00
7.982017982017981794e-02 1.000000000000000000e+00
7.992007992007992001e-02 1.000000000000000000e+00
8.001998001998002208e-02 1.000000000000000000e+00
8.011988011988012415e-02 1.000000000000000000e+00
8.021978021978022622e-02 1.000000000000000000e+00
8.031968031968031441e-02 1.000000000000000000e+00
8.041958041958041647e-02 1.000000000000000000e+00
8.051948051948051854e-02 1.000000000000000000e+00
8.061938061938062061e-02 1.000000000000000000e+00
8.071928071928072268e-02 1.000000000000000000e+00
8.081918081918082475e-02 1.000000000000000000e+00
8.091908091908091294e-02 1.000000000000000000e+00
8.101898101898101501e-02 1.000000000000000000e+00
8.111888111888111708e-02 1.000000000000000000e+00
8.121878121878121914e-02 1.000000000000000000e+00
8.131868131868132121e-02 1.000000000000000000e+00
8.141858141858142328e-02 1.000000000000000000e+00
8.151848151848151147e-02 1.000000000000000000e+00
8.161838161838161354e-02 1.000000000000000000e+00
8.171828171828171561e-02 1.000000000000000000e+00
8.181818181818181768e-02 1.000000000000000000e+00
8.191808191808191975e-02 1.000000000000000000e+00
8.201798201798202181e-02 1.000000000000000000e+00
8.211788211788212388e-02 1.000000000000000000e+00
8.221778221778221207e-02 1.000000000000000000e+00
8.231768231768231414e-02 1.000000000000000000e+00
8.241758241758241621e-02 1.000000000000000000e+00
8.251748251748251828e-02 1.000000000000000000e+00
8.261738261738262035e-02 1.000000000000000000e+00
8.271728271728272242e-02 1.000000000000000000e+00
8.281718281718281061e-02 1.000000000000000000e+00
8.291708291708291267e-02 1.000000000000000000e+00
8.301698301698301474e-02 1.000000000000000000e+00
8.311688311688311681e-02 1.000000000000000000e+00
8.321678321678321888e-02 1.000000000000000000e+00
8.331668331668332095e-02 1.000000000000000000e+00
8.341658341658342302e-02 1.000000000000000000e+00
8.351648351648351121e-02 1.000000000000000000e+00
8.361638361638361328e-02 1.000000000000000000e+00
8.371628371628371534e-02 1.000000000000000000e+00
8.381618381618381741e-02 1.000000000000000000e+00
8.391608391608391948e-02 1.000000000000000000e+00
8.401598401598402155e-02 1.000000000000000000e+00
8.411588411588410974e-02 1.000000000000000000e+00
8.421578421578421181e-02 1.000000000000000000e+00
8.431568431568431388e-02 1.000000000000000000e+00
8.441558441558441594e-02 1.000000000000000000e+00
8.451548451548451801e-02 1.000000000000000000e+00
8.461538461538462008e-02 1.000000000000000000e+00
8.471528471528472215e-02 1.000000000000000000e+00
8.481518481518481034e-02 1.000000000000000000e+00
8.491508491508491241e-02 1.000000000000000000e+00
8.501498501498501448e-02 1.000000000000000000e+00
8.511488511488511655e-02 1.000000000000000000e+00
8.521478521478521861e-02 1.000000000000000000e+00
8.531468531468532068e-02 1.000000000000000000e+00
8.541458541458540887e-02 1.000000000000000000e+00
8.551448551448551094e-02 1.000000000000000000e+00
8.561438561438561301e-02 1.000000000000000000e+00
8.571428571428571508e-02 1.000000000000000000e+00
8.581418581418581715e-02 1.000000000000000000e+00
8.591408591408591922e-02 1.000000000000000000e+00
8.601398601398600741e-02 1.000000000000000000e+00
8.611388611388610947e-02 1.000000000000000000e+00
8.621378621378621154e-02 1.000000000000000000e+00
8.631368631368631361e-02 1.000000000000000000e+00
8.641358641358641568e-02 1.000000000000000000e+00
8.651348651348651775e-02 1.000000000000000000e+00
8.661338661338661982e-02 1.000000000000000000e+00
8.671328671328670801e-02 1.000000000000000000e+00
8.681318681318681008e-02 1.000000000000000000e+00
8.691308691308691214e-02 1.000000000000000000e+00
8.701298701298701421e-02 1.000000000000000000e+00
8.711288711288711628e-02 1.000000000000000000e+00
8.721278721278721835e-02 1.000000000000000000e+00
8.731268731268730654e-02 1.000000000000000000e+00
8.741258741258740861e-02 1.000000000000000000e+00
8.751248751248751068e-02 1.000000000000000000e+00
8.761238761238761275e-02 1.000000000000000000e+00
8.771228771228771481e-02 1.000000000000000000e+00
8.781218781218781688e-02 1.000000000000000000e+00
8.791208791208790507e-02 1.000000000000000000e+00
8.801198801198800714e-02 1.000000000000000000e+00
8.811188811188810921e-02 1.000000000000000000e+00
8.821178821178821128e-02 1.000000000000000000e+00
8.831168831168831335e-02 1.000000000000000000e+00
8.841158841158841541e-02 1.000000000000000000e+00
8.851148851148851748e-02 1.000000000000000000e+00
8.861138861138860567e-02 1.000000000000000000e+00
8.871128871128870774e-02 1.000000000000000000e+00
8.881118881118880981e-02 1.000000000000000000e+00
8.891108891108891188e-02 1.000000000000000000e+00
8.901098901098901395e-02 1.000000000000000000e+00
8.911088911088911602e-02 1.000000000000000000e+00
8.921078921078920421e-02 1.000000000000000000e+00
8.931068931068930628e-02 1.000000000000000000e+00
8.941058941058940834e-02 1.000000000000000000e+00
8.951048951048951041e-02 1.000000000000000000e+00
8.961038961038961248e-02 1.000000000000000000e+00
8.971028971028971455e-02 1.000000000000000000e+00
8.981018981018981662e-02 1.000000000000000000e+00
8.991008991008990481e-02 1.000000000000000000e+00
9.000999000999000688e-02 1.000000000000000000e+00
9.010989010989010894e-02 1.000000000000000000e+00
9.020979020979021101e-02 1.000000000000000000e+00
9.030969030969031308e-02 1.000000000000000000e+00
9.040959040959041515e-02 1.000000000000000000e+00
9.050949050949050334e-02 1.000000000000000000e+00
9.060939060939060541e-02 1.000000000000000000e+00
9.070929070929070748e-02 1.000000000000000000e+00
9.080919080919080955e-02 1.000000000000000000e+00
9.090909090909091161e-02 1.000000000000000000e+00
9.100899100899101368e-02 1.000000000000000000e+00
9.110889110889111575e-02 1.000000000000000000e+00
9.120879120879120394e-02 1.000000000000000000e+00
9.130869130869130601e-02 1.000000000000000000e+00
9.140859140859140808e-02 1.000000000000000000e+00
9.150849150849151015e-02 1.000000000000000000e+00
9.160839160839161222e-02 1.000000000000000000e+00
9.170829170829171428e-02 1.000000000000000000e+00
9.180819180819180247e-02 1.000000000000000000e+00
9.190809190809190454e-02 1.000000000000000000e+00
9.200799200799200661e-02 1.000000000000000000e+00
9.210789210789210868e-02 1.000000000000000000e+00
9.220779220779221075e-02 1.000000000000000000e+00
9.230769230769231282e-02 1.000000000000000000e+00
9.240759240759240101e-02 1.000000000000000000e+00
9.250749250749250308e-02 1.000000000000000000e+00
9.260739260739260514e-02 1.000000000000000000e+00
9.270729270729270721e-02 1.000000000000000000e+00
9.280719280719280928e-02 1.000000000000000000e+00
9.290709290709291135e-02 1.000000000000000000e+00
9.300699300699301342e-02 1.000000000000000000e+00
9.310689310689310161e-02 1.000000000000000000e+00
9.320679320679320368e-02 1.000000000000000000e+00
9.330669330669330575e-02 1.000000000000000000e+00
9.340659340659340781e-02 1.000000000000000000e+00
9.350649350649350988e-02 1.000000000000000000e+00
9.360639360639361195e-02 1.000000000000000000e+00
9.370629370629370014e-02 1.000000000000000000e+00
9.380619380619380221e-02 1.000000000000000000e+00
9.390609390609390428e-02 1.000000000000000000e+00
9.400599400599400635e-02 1.000000000000000000e+00
9.410589410589410841e-02 1.000000000000000000e+00
9.420579420579421048e-02 1.000000000000000000e+00
9.430569430569429867e-02 1.000000000000000000e+00
9.440559440559440074e-02 1.000000000000000000e+00
9.450549450549450281e-02 1.000000000000000000e+00
9.460539460539460488e-02 1.000000000000000000e+00
9.470529470529470695e-02 1.000000000000000000e+00
9.480519480519480902e-02 1.000000000000000000e+00
9.490509490509491108e-02 1.000000000000000000e+00
9.500499500499499927e-02 1.000000000000000000e+00
9.510489510489510134e-02 1.000000000000000000e+00
9.520479520479520341e-02 1.000000000000000000e+00
9.530469530469530548e-02 1.000000000000000000e+00
9.540459540459540755e-02 1.000000000000000000e+00
9.550449550449550962e-02 1.000000000000000000e+00
9.560439560439559781e-02 1.000000000000000000e+00
9.570429570429569988e-02 1.000000000000000000e+00
9.580419580419580194e-02 1.000000000000000000e+00
9.590409590409590401e-02 1.000000000000000000e+00
9.600399600399600608e-02 1.000000000000000000e+00
9.610389610389610815e-02 1.000000000000000000e+00
9.620379620379621022e-02 1.000000000000000000e+00
9.630369630369629841e-02 1.000000000000000000e+00
9.640359640359640048e-02 1.000000000000000000e+00
9.650349650349650255e-02 1.000000000000000000e+00
9.660339660339660461e-02 1.000000000000000000e+00
9.670329670329670668e-02 1.000000000000000000e+00
9.680319680319680875e-02 1.000000000000000000e+00
9.690309690309689694e-02 1.000000000000000000e+00
9.700299700299699901e-02 1.000000000000000000e+00
9.710289710289710108e-02 1.000000000000000000e+00
9.720279720279720315e-02 1.000000000000000000e+00
9.730269730269730521e-02 1.000000000000000000e+00
9.740259740259740728e-02 1.000000000000000000e+00
9.750249750249750935e-02 1.000000000000000000e+00
9.760239760239759754e-02 1.000000000000000000e+00
9.770229770229769961e-02 1.000000000000000000e+00
9.780219780219780168e-02 1.000000000000000000e+00
9.790209790209790375e-02 1.000000000000000000e+00
9.800199800199800582e-02 1.000000000000000000e+00
9.810189810189810788e-02 1.000000000000000000e+00
9.820179820179819608e-02 1.000000000000000000e+00
9.830169830169829814e-02 1.000000000000000000e+00
9.840159840159840021e-02 1.000000000000000000e+00
9.850149850149850228e-02 1.000000000000000000e+00
9.860139860139860435e-02 1.000000000000000000e+00
9.870129870129870642e-02 1.000000000000000000e+00
9.880119880119879461e-02 1.000000000000000000e+00
9.890109890109889668e-02 1.000000000000000000e+00
9.900099900099899874e-02 1.000000000000000000e+00
9.910089910089910081e-02 1.000000000000000000e+00
9.920079920079920288e-02 1.000000000000000000e+00
9.930069930069930495e-02 1.000000000000000000e+00
9.940059940059940702e-02 1.000000000000000000e+00
9.950049950049949521e-02 1.000000000000000000e+00
9.960039960039959728e-02 1.000000000000000000e+00
9.970029970029969935e-02 1.000000000000000000e+00
9.980019980019980141e-02 1.000000000000000000e+00
9.990009990009990348e-02 1.000000000000000000e+00
1.000000000000000056e-01 1.000000000000000000e+00
